10000
594
721
793
949
872
82
242
208
309
943
171
469
381
136
111
184
840
353
428
502
670
1
723
15
617
189
900
210
287
278
562
320
259
361
14
480
815
421
659
538
472
231
117
671
454
689
54
453
183
457
175
137
711
773
47
613
453
325
971
113
525
545
882
29
133
833
916
821
719
651
351
821
898
55
373
732
93
775
53
885
377
746
564
15
410
264
344
447
242
791
841
268
410
515
28
744
910
789
229
726
491
2
57
238
823
4
974
718
53
383
487
843
444
529
999
541
4
972
1
888
852
992
42
398
546
105
636
874
872
344
799
784
759
997
374
921
771
522
668
362
659
491
25
635
371
202
828
901
616
967
543
661
135
68
490
517
594
694
653
154
920
959
957
616
560
689
154
865
842
453
139
332
874
106
966
394
209
9
16
356
602
756
989
753
686
31
821
76
933
654
515
545
666
942
643
240
41
993
272
834
335
465
495
649
950
381
307
292
860
969
806
903
879
7
664
321
815
876
647
175
280
350
308
238
74
497
894
550
695
825
941
945
864
193
164
731
828
658
500
300
606
39
202
248
114
517
180
800
468
160
853
834
334
897
530
667
932
564
184
300
308
301
868
242
391
986
983
239
479
644
284
287
581
791
216
165
888
897
164
715
851
479
753
392
267
227
738
860
699
330
975
984
743
906
19
304
338
592
651
658
116
927
696
176
147
269
340
560
252
991
630
230
942
765
945
439
172
856
847
574
485
0
333
740
482
890
572
792
739
447
308
558
398
160
724
812
453
420
602
927
314
476
915
508
634
374
424
162
772
589
422
805
677
290
944
206
601
548
131
837
823
146
70
313
97
865
27
758
847
706
807
341
519
131
978
409
787
693
634
637
448
941
51
924
70
12
843
880
160
809
893
92
754
871
37
189
58
161
842
507
333
281
45
61
543
592
69
698
422
191
548
76
747
908
577
359
414
145
3
544
533
255
486
904
680
640
853
192
76
265
469
454
315
302
986
517
756
887
592
587
236
96
616
419
929
679
13
435
263
54
178
193
633
225
698
390
413
689
203
876
372
815
943
284
788
508
617
0
789
341
1
143
636
700
348
998
167
1
603
404
678
79
13
22
682
675
468
225
245
752
746
135
813
910
181
48
990
337
582
337
3
613
34
274
713
54
331
210
776
70
974
269
343
680
705
877
499
970
953
94
451
919
637
27
603
778
659
431
620
791
213
982
188
515
888
42
271
236
601
1
585
74
739
355
638
197
921
97
457
304
724
449
101
875
362
46
371
823
620
596
521
67
267
74
459
555
78
136
513
704
274
144
317
794
534
649
911
681
337
886
263
348
635
685
918
488
813
835
257
66
173
556
754
824
890
865
205
666
825
338
421
878
874
915
481
209
802
428
222
825
373
727
513
343
463
222
25
770
368
765
159
246
450
251
68
452
352
286
877
547
653
844
677
516
461
486
87
979
20
415
230
313
545
266
76
319
823
649
691
477
296
954
283
912
526
36
705
441
112
895
544
842
341
921
918
948
920
93
286
821
368
463
741
141
722
290
427
687
13
234
841
796
914
909
953
762
478
515
910
812
78
351
457
916
742
438
844
716
398
493
543
993
193
415
726
24
587
475
747
779
374
980
325
380
473
914
556
274
422
261
583
129
374
994
324
68
172
959
932
174
738
728
25
909
220
660
20
408
471
585
39
367
589
163
724
633
289
620
464
395
985
470
224
380
348
956
598
406
442
119
544
438
530
187
813
37
492
993
556
95
636
488
124
104
135
469
386
470
174
857
194
522
652
673
677
40
925
297
522
142
117
922
532
306
850
435
809
867
471
283
139
426
805
164
60
257
384
491
346
505
532
588
485
618
595
683
809
651
604
397
381
913
336
21
926
156
100
810
288
349
270
741
883
892
135
289
574
127
204
491
10
884
224
17
213
303
81
887
698
39
157
780
26
170
585
395
65
297
421
566
191
31
184
812
849
835
804
163
187
980
158
681
949
668
852
916
927
861
75
666
802
888
675
250
141
821
137
185
937
773
842
769
609
795
807
980
209
337
506
158
786
742
906
536
942
509
246
505
31
921
244
791
183
124
205
811
843
423
863
275
833
964
830
801
651
127
208
528
735
443
499
510
292
904
502
813
363
458
177
316
607
110
329
667
819
413
780
492
367
27
533
212
871
521
941
504
320
78
479
221
934
684
973
632
479
7
940
940
798
193
329
849
582
624
510
257
563
712
461
951
686
285
304
697
53
577
851
636
364
948
439
246
452
114
619
878
950
526
257
239
557
604
42
212
941
235
783
782
899
577
661
49
915
41
948
997
256
936
796
23
84
910
133
823
468
815
401
317
382
33
824
53
874
512
360
257
706
100
447
62
688
940
463
790
354
756
660
524
420
650
453
263
163
567
68
557
417
160
60
417
106
172
246
40
482
448
560
701
664
358
435
148
363
229
999
43
968
545
565
916
701
227
40
591
813
403
841
396
953
841
990
679
711
148
511
860
753
802
572
34
92
293
214
12
771
655
761
114
792
812
794
990
71
462
811
122
239
998
672
151
574
406
269
889
944
380
278
854
147
144
594
477
705
118
829
763
99
567
673
512
135
906
320
736
302
664
1
382
61
653
508
515
557
218
644
28
25
24
424
802
828
455
293
314
780
780
812
157
503
897
339
970
704
790
251
62
734
205
222
606
818
75
98
339
554
162
431
573
503
364
945
219
935
643
145
677
320
99
934
805
482
320
812
538
880
668
47
332
907
945
78
406
674
68
334
356
25
178
730
782
293
661
188
85
82
663
723
11
281
56
833
679
298
234
775
357
321
864
383
612
272
799
701
137
497
45
508
978
566
6
377
516
488
870
854
869
208
416
405
630
548
629
878
88
433
537
119
736
146
895
640
357
643
940
384
221
956
73
247
128
493
426
32
332
51
931
434
927
140
707
157
315
316
384
996
228
397
546
658
717
308
612
93
553
494
860
962
757
935
268
899
338
138
337
652
920
762
169
606
198
739
978
613
463
526
493
709
742
328
232
396
554
614
779
675
844
470
291
703
149
205
258
6
45
457
280
40
422
106
851
468
279
226
113
587
932
53
614
669
99
239
241
991
553
1
721
142
235
688
933
947
321
474
288
626
500
125
331
192
25
870
381
440
437
907
662
938
440
654
681
10
198
414
63
856
648
739
808
753
354
886
37
898
405
395
913
348
828
172
254
960
196
227
243
895
61
683
419
807
645
315
201
934
980
681
271
780
690
727
614
417
356
197
40
872
557
299
761
743
641
632
268
268
205
820
410
149
642
542
141
564
449
547
394
429
504
956
37
958
650
706
255
994
389
185
570
993
189
782
53
968
150
798
778
240
807
853
781
358
601
56
264
775
22
351
145
925
607
306
765
610
14
335
397
415
938
725
391
346
145
129
888
755
656
842
365
641
389
371
976
845
293
996
567
634
290
973
25
416
620
529
714
652
665
123
166
853
783
47
258
574
293
879
774
843
714
920
142
762
525
481
288
799
451
248
216
251
976
921
894
722
444
707
625
712
22
929
653
928
7
554
696
585
949
773
331
621
624
116
924
30
978
292
376
696
863
119
965
573
563
278
165
385
315
230
854
91
971
853
679
92
583
329
757
519
13
470
52
981
472
162
153
827
528
31
492
259
244
668
747
44
825
184
105
279
460
380
637
63
683
924
863
108
42
258
813
596
866
70
68
198
963
646
994
445
786
526
504
869
182
549
606
261
669
252
582
872
43
851
330
242
938
945
185
764
205
175
924
636
342
114
975
325
584
292
843
182
294
518
505
321
386
860
881
410
682
557
720
962
517
421
480
575
396
608
673
626
939
397
589
628
934
733
778
661
896
80
344
67
495
682
274
92
244
814
817
361
166
567
940
823
150
911
356
234
253
822
764
71
201
577
893
335
534
692
775
980
754
605
365
177
105
247
807
490
799
879
994
477
804
887
853
123
553
949
122
15
145
79
197
914
530
173
160
529
419
818
332
772
304
0
349
171
656
208
517
126
335
155
184
81
768
992
951
379
794
363
822
34
12
558
584
469
291
662
114
910
351
324
125
881
718
206
813
373
320
194
198
54
674
102
695
820
686
783
390
171
623
388
603
192
930
919
457
149
719
472
439
74
928
629
492
824
609
321
681
179
725
167
40
147
721
92
234
735
353
535
31
479
161
798
398
676
719
126
805
46
251
134
714
153
984
553
695
957
756
622
596
713
347
542
903
988
442
721
38
415
295
205
109
850
958
604
603
825
279
256
159
259
179
814
936
40
780
829
34
388
396
993
836
995
894
536
838
691
897
425
519
209
547
484
869
337
618
921
750
165
14
97
99
401
418
331
653
169
473
628
983
624
5
502
195
710
450
780
752
941
713
727
233
392
49
24
289
191
897
763
403
316
728
380
606
196
12
224
261
58
953
706
268
430
938
985
886
301
243
155
372
565
503
329
16
759
909
190
255
458
805
636
413
72
737
285
195
959
102
539
155
46
866
860
636
305
87
54
593
852
245
763
819
72
711
585
791
692
811
145
170
324
997
889
921
550
397
560
998
767
276
886
932
329
862
814
587
879
226
945
535
703
805
255
19
970
699
476
787
11
279
117
479
537
155
342
475
667
72
394
755
967
329
230
500
607
107
898
214
625
364
325
565
146
221
988
607
454
330
742
944
470
398
535
633
950
611
311
263
978
943
551
935
268
466
655
999
781
596
223
864
686
619
168
751
561
186
365
419
529
254
956
210
811
202
507
388
463
970
848
40
391
12
258
749
226
314
501
576
853
668
742
989
288
627
468
993
521
576
479
676
439
867
424
84
220
344
468
476
927
11
741
467
406
12
175
73
605
510
836
621
421
465
765
225
44
815
438
887
204
108
645
853
939
94
678
107
167
444
6
550
636
659
546
84
115
156
3
968
784
25
536
440
536
558
248
769
501
876
83
620
24
104
939
306
882
843
964
243
943
346
77
36
511
950
379
639
842
22
57
508
96
136
165
270
914
711
577
872
32
261
357
598
688
906
390
63
880
165
661
504
576
543
694
437
143
47
739
280
432
351
709
108
968
302
111
858
535
295
319
986
329
599
65
783
160
908
705
889
40
144
837
414
158
853
837
122
630
850
688
522
472
732
684
961
365
688
761
786
164
228
867
676
420
5
523
379
189
539
953
51
431
969
255
232
782
145
653
873
849
133
404
138
93
727
513
817
315
129
641
824
499
281
883
937
292
260
127
808
673
812
833
122
913
844
105
555
594
272
882
325
843
841
916
44
373
254
257
983
678
262
993
401
362
562
875
229
965
232
576
16
122
569
421
128
105
84
125
915
576
732
160
42
505
468
989
716
476
803
327
303
185
579
215
89
44
243
317
804
245
108
116
216
186
848
522
627
316
406
624
980
971
738
956
21
735
234
993
886
508
156
984
669
944
459
197
971
693
288
224
915
566
932
262
588
879
396
307
942
605
637
726
641
439
895
978
648
368
150
941
765
194
699
526
206
49
370
352
149
977
837
837
613
44
245
9
832
628
896
621
918
810
30
971
295
568
853
973
802
809
325
333
734
131
830
456
637
350
341
68
473
316
238
946
430
621
27
586
799
365
706
515
893
516
292
275
826
163
418
889
156
318
722
92
21
746
16
144
678
396
824
677
252
267
327
155
835
123
505
462
623
343
644
41
785
482
332
874
966
482
625
779
116
650
346
152
29
547
884
362
910
126
254
911
114
488
468
123
735
2
451
119
514
500
892
388
742
294
906
52
119
611
733
286
181
410
937
716
884
538
328
674
432
433
356
37
910
441
193
286
814
752
751
274
228
986
53
623
254
405
920
261
968
721
676
190
763
698
90
747
452
643
335
685
128
241
661
501
949
369
842
673
44
359
806
619
443
44
619
967
903
835
629
432
326
928
936
56
146
877
185
619
178
115
485
854
995
873
957
114
323
788
99
495
494
611
222
62
681
814
489
783
740
651
195
867
285
284
71
935
7
880
443
686
378
468
117
410
555
166
898
807
580
374
288
116
959
442
267
511
972
924
765
451
769
530
150
128
905
713
12
232
205
391
787
81
359
68
925
588
638
460
53
65
828
820
326
517
835
526
664
601
757
106
722
552
419
571
395
109
445
732
234
510
305
861
486
969
711
350
808
673
760
982
21
733
478
512
503
949
279
699
762
338
371
421
524
633
941
771
270
44
303
463
23
701
365
999
896
536
988
918
858
196
51
521
267
501
495
352
448
977
493
447
845
28
169
279
471
995
619
582
282
514
673
144
766
946
295
553
796
339
699
944
607
401
501
673
142
662
563
743
621
876
955
667
355
653
986
782
167
593
962
776
852
635
328
866
811
497
642
158
607
270
279
664
51
221
441
489
808
708
998
849
467
251
877
534
563
303
795
725
688
480
773
916
7
475
415
161
482
604
243
187
68
860
942
123
290
51
940
406
157
27
468
954
916
9
141
146
951
167
736
640
614
546
784
614
447
590
372
770
63
105
309
547
688
579
994
548
536
856
145
812
946
855
32
270
846
186
297
740
291
234
996
620
173
566
167
396
674
504
617
767
294
652
612
651
654
518
440
254
257
959
588
894
146
27
119
146
531
979
853
768
444
298
773
283
25
773
31
512
961
124
195
302
483
456
220
927
923
944
756
607
521
868
737
945
282
933
469
888
465
959
147
585
598
172
373
714
30
806
427
255
571
104
365
505
834
681
978
91
306
967
425
563
772
196
101
368
630
967
589
822
706
498
305
884
12
900
753
302
600
938
175
108
41
726
29
662
687
644
889
74
256
525
877
676
622
850
634
608
753
839
549
719
948
913
634
508
130
101
197
82
923
455
199
324
370
852
101
496
214
772
429
657
184
199
826
287
76
619
406
597
496
615
151
111
985
816
698
422
437
989
428
450
940
488
736
171
384
276
482
771
251
798
282
163
719
641
501
873
304
82
917
491
718
844
744
867
679
889
78
62
161
919
460
82
133
690
701
196
831
851
976
660
418
933
5
46
424
823
33
165
503
83
914
741
783
603
4
573
968
338
25
896
57
190
687
55
19
856
931
388
540
725
227
829
375
925
537
939
992
853
196
255
877
843
809
920
497
502
350
963
602
591
823
255
578
48
665
579
154
255
580
479
122
638
294
76
182
635
570
721
435
311
488
59
127
261
870
599
733
258
452
847
400
267
28
432
839
447
672
700
783
386
694
960
102
986
23
548
867
250
709
514
212
265
274
949
823
454
733
560
226
938
360
799
229
34
949
102
69
80
111
789
876
205
988
780
348
349
752
921
27
375
781
515
823
695
918
321
290
257
747
236
41
588
159
46
279
801
245
254
687
943
649
114
886
245
155
511
927
731
525
887
168
349
478
359
57
780
320
924
317
763
99
906
217
531
876
649
97
499
824
204
698
680
851
207
298
917
973
844
451
559
940
58
143
792
77
547
870
638
859
657
834
727
722
756
436
586
797
706
295
429
379
947
289
175
888
784
410
938
240
856
254
511
895
647
564
493
372
339
977
935
572
243
615
769
458
695
750
135
276
198
5
450
289
824
689
48
750
97
292
471
320
655
513
333
819
448
716
703
585
834
799
716
903
136
46
318
233
46
164
36
774
226
295
774
870
55
118
863
823
615
538
800
511
740
402
791
372
843
801
779
240
525
507
866
928
420
165
177
243
630
201
935
335
569
408
550
566
236
699
295
736
189
738
722
467
804
829
423
46
211
281
692
123
736
849
259
858
57
174
430
50
139
986
642
522
535
246
765
150
466
932
846
405
311
446
464
999
130
309
722
412
772
654
534
56
350
671
780
611
788
519
490
804
25
307
738
621
16
964
224
793
325
14
30
562
689
868
919
880
12
383
252
916
970
166
22
386
149
134
801
765
74
795
72
540
371
191
11
586
0
646
842
979
947
13
5
323
671
695
402
625
780
510
113
792
801
771
919
165
246
773
693
588
686
861
557
790
589
522
705
446
772
208
144
345
118
300
317
939
749
114
245
734
374
103
589
869
926
27
350
478
960
294
102
934
180
443
92
911
621
409
608
380
734
486
300
174
298
191
851
295
392
51
749
395
287
446
436
214
724
424
974
968
85
917
783
421
648
744
674
138
605
352
820
730
572
981
205
542
205
83
435
179
363
93
261
516
115
805
353
16
191
816
811
759
233
415
75
735
774
919
266
419
649
458
968
274
217
599
140
581
713
556
161
762
833
356
730
406
950
619
154
184
667
878
578
280
177
383
832
206
523
198
656
734
887
700
794
777
969
465
599
152
386
213
553
394
56
571
679
188
843
274
818
360
924
901
614
70
137
218
680
806
1
392
1
728
457
737
68
763
425
151
474
522
158
955
95
653
52
464
360
867
591
374
372
900
918
203
732
253
245
972
576
837
382
1
584
236
187
262
68
724
443
197
560
863
391
873
71
720
151
166
218
309
941
140
885
490
550
339
247
993
544
856
325
725
757
821
897
535
851
430
12
967
36
704
493
940
857
580
708
654
94
401
936
864
530
992
874
900
310
880
340
855
351
146
921
299
458
440
825
259
227
998
425
81
185
338
718
75
281
567
876
341
742
357
207
616
946
325
117
95
716
576
246
554
486
863
641
43
201
589
684
566
223
841
335
798
389
640
814
74
147
295
841
47
394
310
322
327
353
472
947
127
331
846
665
262
584
907
345
881
342
922
773
963
917
108
634
362
684
687
857
493
891
312
345
185
374
544
726
83
706
796
536
376
983
366
226
8
986
785
948
424
830
458
544
271
351
771
222
168
746
345
268
30
188
693
158
503
350
895
910
263
938
269
63
45
572
452
588
218
168
518
464
102
692
161
633
716
737
329
831
94
628
539
859
979
275
34
829
421
550
887
270
623
100
593
182
75
311
772
827
418
637
709
912
213
627
668
933
344
992
914
816
38
244
810
664
32
588
948
858
446
898
492
435
488
461
849
64
886
314
450
236
308
78
91
503
457
545
605
344
319
208
83
631
973
776
936
977
791
858
54
297
735
343
242
720
269
153
948
336
778
923
962
923
218
254
363
939
40
850
713
29
595
813
824
319
150
171
43
810
758
994
349
246
380
160
685
705
394
603
539
12
50
965
424
770
378
218
490
382
300
264
204
888
378
610
196
747
111
984
229
558
904
63
253
773
305
505
177
587
804
688
245
950
708
268
504
87
607
630
67
197
866
56
626
69
647
916
483
288
850
494
684
97
481
246
385
913
369
238
555
297
909
668
780
260
658
652
246
486
990
918
499
12
334
319
911
625
767
279
978
219
548
846
562
488
662
931
22
560
490
475
85
48
419
26
964
696
553
409
814
930
50
661
414
895
876
776
280
40
276
830
389
398
345
21
53
350
818
386
687
781
782
44
60
755
738
615
226
831
532
192
740
775
423
224
902
506
911
55
327
253
412
686
415
910
84
240
616
144
985
686
665
267
442
558
964
127
764
295
761
981
145
164
740
330
33
34
42
769
877
896
433
668
291
218
301
911
51
586
294
937
503
683
999
215
465
275
578
871
31
765
582
606
986
264
907
702
597
984
12
408
296
711
74
490
339
79
666
861
672
559
909
965
953
767
118
93
513
49
64
143
479
766
941
358
700
554
187
760
797
774
144
651
133
376
623
802
394
97
851
371
327
955
80
385
562
124
945
490
852
355
643
948
622
598
345
120
867
798
761
843
496
615
36
669
487
248
162
976
635
275
539
255
662
26
315
816
670
223
581
384
95
701
192
777
122
584
359
770
378
590
57
939
31
697
417
668
884
946
977
473
186
315
63
556
0
320
394
727
202
667
821
668
310
235
129
259
518
929
642
743
223
671
440
389
376
245
725
706
366
601
646
24
908
178
467
709
24
42
296
257
785
621
6
385
500
914
532
341
182
981
70
138
700
838
520
628
550
594
36
284
946
43
279
98
556
647
897
928
563
738
59
938
215
849
891
757
479
924
699
539
199
943
152
944
582
278
862
701
957
418
921
902
339
36
110
802
486
452
40
7
173
382
894
559
880
266
609
387
625
727
724
666
179
180
412
78
224
971
127
811
986
809
433
789
223
102
17
125
855
454
538
119
585
905
645
755
697
221
652
958
391
350
217
917
289
488
533
838
624
49
605
642
751
117
431
843
960
462
450
502
642
752
275
860
309
775
28
563
709
286
887
596
116
541
208
553
90
86
472
69
552
924
790
15
643
192
504
452
667
849
159
241
763
839
56
562
739
605
223
642
680
73
654
583
982
824
732
881
492
691
808
791
749
488
740
717
895
535
583
286
692
378
995
699
782
983
973
877
720
517
474
164
223
913
542
692
343
932
536
481
386
10
290
888
715
914
133
969
841
253
153
140
671
821
785
719
640
595
989
497
967
69
337
374
861
450
891
0
444
323
946
382
624
616
210
323
925
932
995
766
484
919
745
874
463
6
239
49
628
704
749
442
998
519
584
347
870
914
32
997
793
139
133
235
635
185
267
654
113
68
996
393
524
241
732
995
257
841
392
686
918
186
64
427
807
953
347
944
814
2
146
616
153
479
789
37
77
817
857
308
321
349
659
332
989
278
54
37
257
59
312
770
338
508
570
210
815
863
735
552
858
937
668
197
682
523
77
791
253
75
425
792
730
619
963
238
260
123
354
578
539
766
290
591
221
51
9
249
914
115
574
616
661
825
907
239
550
387
59
589
380
164
366
392
792
627
506
240
828
291
940
415
731
704
532
915
626
659
22
462
668
906
981
67
571
711
746
580
10
59
506
412
40
655
701
902
190
119
931
841
26
244
153
24
732
324
737
762
693
935
48
235
672
817
408
893
937
479
486
703
593
368
414
751
836
465
354
207
873
605
50
26
784
248
205
706
387
446
237
631
835
180
609
125
123
778
868
739
361
28
10
939
49
380
163
715
460
494
88
191
149
992
866
505
844
19
539
7
900
34
564
230
183
606
589
984
841
331
635
512
841
363
515
990
116
357
245
139
204
938
924
490
854
724
177
745
162
482
959
195
19
380
978
604
693
136
841
304
742
903
18
80
789
64
956
738
335
502
160
292
241
672
985
228
528
685
962
719
876
825
167
420
739
689
779
580
449
7
248
289
581
266
422
640
639
558
834
36
454
83
544
529
870
181
939
353
238
935
225
286
440
676
172
381
1
196
171
83
568
191
831
719
796
17
121
507
589
778
641
432
813
168
929
894
536
628
224
493
782
342
754
507
993
870
772
170
89
40
670
244
821
859
954
558
797
46
168
526
675
615
812
683
271
394
143
24
697
234
449
524
993
639
497
185
139
932
899
790
671
491
360
675
340
896
36
521
773
223
232
676
387
171
935
519
817
923
342
586
991
203
301
953
198
133
802
284
451
906
620
678
7
49
933
765
986
225
201
446
815
415
859
930
707
391
463
296
423
793
866
488
21
434
669
258
896
308
513
929
356
899
836
719
36
716
745
373
130
652
782
151
865
778
103
435
190
154
272
972
637
279
487
807
200
716
520
497
754
152
42
979
474
924
159
203
339
97
249
384
416
403
927
514
909
388
199
707
936
846
541
606
198
409
890
890
331
829
992
291
489
541
1
246
505
208
839
527
272
661
31
881
48
354
543
681
592
377
198
95
630
280
75
769
968
851
725
238
130
480
49
36
585
407
994
415
158
340
291
407
327
475
640
420
575
550
403
441
318
582
490
954
627
459
533
147
117
946
365
150
433
618
792
929
14
35
321
474
980
292
245
551
723
167
368
222
808
235
230
846
578
765
493
505
875
789
271
966
818
56
822
799
749
759
536
356
907
771
771
497
231
275
561
19
761
357
172
275
335
109
117
340
721
340
781
823
658
263
575
216
882
123
365
420
609
98
854
281
597
997
634
131
364
183
916
279
517
849
382
781
537
335
995
863
239
142
77
144
749
216
310
931
563
830
4
985
393
344
806
686
776
324
923
881
134
801
250
766
299
815
75
746
953
310
901
203
848
943
385
785
511
562
923
436
767
621
976
347
9
221
115
366
840
292
738
409
673
208
390
678
39
276
936
494
915
405
998
339
792
947
476
725
172
914
792
895
787
444
446
693
806
100
482
901
129
538
36
983
954
102
732
561
500
627
791
212
307
9
339
797
178
502
492
273
753
307
393
408
739
175
960
588
931
362
614
926
998
384
883
869
691
968
98
957
719
463
334
8
870
782
735
155
708
501
324
168
401
74
659
179
218
290
556
83
332
715
915
743
308
92
820
362
570
953
49
668
316
750
751
63
703
783
311
235
264
347
168
230
496
291
305
284
262
402
836
246
686
58
599
706
335
360
724
863
331
502
335
659
687
340
672
460
186
946
630
367
955
259
212
560
346
185
952
398
337
42
998
818
836
660
339
604
43
178
53
74
232
947
440
950
307
75
947
707
636
528
41
284
368
147
492
113
116
881
804
535
360
478
12
746
458
357
709
41
131
997
549
647
847
147
311
953
734
8
46
345
375
864
596
446
276
223
236
422
641
935
232
625
134
850
36
571
772
232
209
581
444
606
550
417
467
147
793
272
306
904
707
185
361
436
650
169
556
369
672
970
421
614
272
226
185
674
289
616
591
266
315
12
914
199
174
628
80
471
641
959
140
686
488
528
406
544
983
713
202
718
972
841
669
675
505
772
659
626
494
325
470
870
941
18
753
517
111
508
131
898
596
218
343
638
216
993
952
66
785
114
210
979
68
672
604
882
775
140
905
623
569
479
677
282
462
915
885
405
935
62
791
361
222
749
409
548
406
993
157
740
729
216
258
99
252
394
326
262
421
166
839
475
573
1
433
135
80
851
921
322
728
158
904
544
618
75
364
492
224
931
280
499
405
558
596
18
832
764
935
164
408
174
800
28
781
608
261
772
687
829
786
392
464
71
667
434
548
202
325
731
585
211
566
378
537
114
45
180
852
385
468
48
75
816
498
93
983
103
205
203
504
919
180
939
762
677
403
524
681
268
808
483
805
46
194
230
720
526
497
485
996
925
488
837
859
752
31
346
526
738
213
569
550
915
339
560
153
861
596
242
708
238
864
762
800
887
312
499
383
144
979
817
909
421
439
784
323
162
820
784
534
702
386
553
718
79
691
553
915
570
906
455
114
164
850
491
422
603
492
852
665
18
417
141
697
885
710
469
528
41
149
81
115
262
151
585
212
917
695
612
755
568
146
912
639
850
19
34
698
389
435
398
635
585
301
636
317
479
103
199
821
923
725
275
497
559
728
754
643
802
396
35
533
60
295
457
166
204
628
659
914
609
112
773
960
665
580
106
734
761
320
379
319
138
41
585
44
52
394
523
792
226
398
556
724
602
661
885
236
46
940
354
241
724
791
444
325
494
530
315
86
359
845
669
809
803
565
911
16
98
327
622
374
57
496
874
214
124
601
817
164
308
430
636
803
905
980
664
950
780
10
243
970
620
657
184
640
755
29
825
505
588
854
672
530
859
904
322
590
712
213
616
731
170
533
708
756
740
308
452
150
87
649
438
207
980
127
377
624
332
733
643
299
534
432
180
855
380
720
422
824
82
767
976
404
291
558
205
688
514
82
118
57
891
60
233
71
60
150
587
908
339
520
473
738
253
467
847
913
399
181
284
880
869
931
546
388
261
829
813
796
279
562
920
620
611
92
126
720
255
263
459
64
92
11
456
202
436
977
885
350
690
675
646
282
509
83
181
598
802
349
240
322
262
785
214
931
725
608
779
668
762
792
269
129
587
42
387
71
231
609
601
16
447
589
946
554
391
13
627
295
256
52
824
775
955
746
629
721
203
98
595
281
504
148
581
915
572
825
422
189
971
516
872
699
76
352
147
156
598
60
537
234
745
804
266
55
947
25
649
130
515
472
914
737
901
87
222
937
274
20
517
688
739
56
990
388
443
65
294
164
55
349
466
940
578
466
763
710
377
178
654
404
823
932
260
938
318
318
365
951
387
766
652
909
996
464
710
614
193
841
253
222
245
691
892
792
911
537
190
216
137
218
831
856
396
426
974
774
814
748
333
587
409
628
383
550
393
520
13
38
234
527
461
463
404
2
328
531
996
671
879
218
808
860
489
68
46
896
882
227
985
397
35
638
250
906
939
808
535
965
655
464
522
118
395
233
697
854
709
281
469
478
90
790
169
916
887
996
297
384
726
52
292
413
195
167
832
452
290
336
209
786
911
447
373
73
98
385
623
188
805
989
854
571
427
833
209
991
230
67
825
191
789
125
587
921
729
847
960
909
66
944
227
19
986
687
887
877
678
595
2
398
725
683
122
642
62
672
411
135
826
438
922
353
875
729
369
636
808
829
838
458
734
837
202
772
964
253
972
429
915
779
431
107
640
848
399
846
440
189
427
51
239
528
399
106
548
614
298
834
717
842
254
167
738
828
41
706
200
701
647
151
893
430
186
780
51
616
367
821
492
766
790
300
776
238
646
29
717
175
490
904
267
469
12
128
498
783
565
88
75
266
6
509
281
566
430
743
874
374
192
689
685
805
7
608
82
628
585
880
16
168
254
321
727
64
28
32
659
652
249
251
649
304
987
317
449
960
927
503
360
247
884
367
825
472
939
690
24
517
734
285
763
549
426
265
885
79
674
717
719
997
33
733
397
917
460
40
483
753
762
56
250
638
256
267
260
441
965
110
23
181
863
296
833
786
33
124
752
47
250
129
988
16
314
772
20
650
579
237
322
803
154
695
756
887
672
56
912
198
490
856
619
41
409
343
222
706
967
879
165
11
831
449
29
399
295
67
682
94
453
703
906
252
43
366
74
808
200
819
778
65
717
517
607
852
784
204
886
707
336
21
192
976
7
520
894
272
285
711
210
66
806
393
103
534
306
724
431
626
804
160
655
840
338
952
696
948
897
924
501
608
9
354
44
746
452
252
331
454
831
634
137
421
746
472
470
127
202
74
199
52
120
355
386
326
326
382
506
570
997
987
856
518
6
795
486
76
763
679
185
780
913
866
754
312
493
552
425
393
696
486
120
152
848
672
823
302
580
265
552
260
667
357
217
991
730
531
634
683
352
238
770
824
792
715
899
970
915
340
278
698
119
867
68
2
376
218
770
750
608
543
928
446
14
966
686
792
585
646
491
98
8
645
92
781
927
999
398
637
951
74
888
788
243
717
583
207
91
607
583
857
191
75
443
971
306
305
410
357
544
344
342
790
885
504
90
406
723
972
415
365
215
188
179
741
753
560
463
482
615
257
811
690
317
386
48
480
170
283
545
970
394
694
175
130
443
410
616
121
159
933
643
983
294
999
11
768
476
937
886
944
438
108
784
895
84
14
889
848
932
888
783
419
699
731
201
866
648
136
962
161
967
126
742
911
231
214
292
585
961
131
424
445
597
326
252
347
307
414
594
360
218
243
401
476
624
803
873
260
871
254
892
602
160
388
388
40
655
343
579
755
275
347
586
796
808
465
314
2
723
803
833
987
889
642
153
914
468
963
995
313
60
544
691
968
454
778
104
334
83
100
154
132
335
491
480
929
523
522
638
536
842
626
695
822
53
263
933
231
292
317
162
912
794
657
713
583
43
260
110
622
925
250
119
735
808
297
718
57
506
149
204
289
3
24
939
740
995
871
104
624
619
840
171
923
183
638
252
987
981
311
12
628
26
205
253
968
954
937
791
824
385
214
752
593
51
625
343
386
893
790
934
426
454
653
289
686
477
460
311
152
328
278
980
83
790
57
128
923
42
197
392
993
556
656
871
700
581
39
520
443
399
319
315
319
616
90
850
878
881
228
526
578
887
133
651
24
596
905
404
427
347
395
797
889
231
448
436
966
54
160
362
948
415
23
211
28
37
913
816
462
727
245
461
909
606
104
108
334
754
82
670
478
913
734
193
723
485
962
394
707
337
47
656
521
16
106
987
894
82
737
503
611
363
433
161
949
802
108
524
10
443
320
168
119
769
810
537
508
284
218
495
831
482
656
159
877
526
364
701
919
178
659
980
121
481
326
444
550
806
468
591
375
250
815
776
594
958
732
128
23
782
652
118
790
934
712
299
444
204
873
47
541
769
973
435
35
917
365
980
844
438
676
312
370
181
123
697
411
693
159
883
73
681
875
348
732
488
49
759
835
616
660
548
626
580
698
760
174
355
765
212
587
199
144
237
142
478
119
575
30
953
959
678
629
967
788
979
69
53
50
512
606
372
243
456
12
199
462
46
869
983
145
80
367
933
349
343
544
107
88
974
591
503
304
277
968
765
35
105
910
144
428
673
464
149
424
448
694
28
270
410
252
460
964
580
109
322
262
429
859
102
410
163
435
834
863
683
510
463
220
113
257
366
933
511
398
487
439
830
667
450
685
431
48
248
571
597
199
44
824
33
676
228
784
80
68
158
895
133
833
705
114
95
3
921
992
926
563
454
14
144
129
162
71
106
621
133
674
629
210
215
757
31
767
857
520
851
703
696
740
214
752
551
627
7
56
408
209
26
668
502
223
624
563
274
952
119
582
64
965
90
539
734
779
69
151
153
244
775
760
475
395
107
261
613
353
717
77
564
572
638
652
131
215
652
4
926
317
497
840
814
111
255
692
573
445
429
592
776
513
976
123
596
111
232
252
358
0
101
996
379
566
807
624
393
34
879
618
120
745
606
726
609
253
79
850
481
632
379
631
945
475
826
829
614
156
33
346
632
990
140
443
97
122
224
35
316
4
933
376
519
832
335
397
358
331
857
666
405
118
901
104
618
317
265
504
77
359
745
483
341
573
300
4
321
589
110
410
703
512
339
586
364
791
451
721
65
749
310
334
390
158
956
254
134
365
713
129
422
514
596
98
531
947
683
397
575
297
861
128
968
355
235
467
909
641
500
196
150
927
363
20
303
385
487
813
568
365
119
253
852
523
176
4
804
362
748
712
720
740
201
890
169
650
907
41
214
930
399
493
128
300
405
86
332
12
480
547
149
18
246
582
156
798
455
980
725
286
692
331
103
234
157
756
959
374
646
303
665
638
639
126
717
281
279
850
442
532
300
649
546
807
506
329
337
877
406
703
794
621
221
560
288
597
189
697
327
246
296
825
61
74
649
811
608
650
661
154
876
236
319
206
809
370
327
987
999
894
848
328
583
665
684
941
576
547
791
597
483
684
965
771
699
249
241
609
188
683
459
508
215
601
44
779
79
165
65
390
971
836
370
892
856
975
78
220
450
63
773
541
16
589
769
561
857
487
802
220
990
415
525
523
310
894
144
79
168
517
748
272
608
788
832
478
681
675
462
755
523
285
660
661
722
677
969
487
163
625
337
999
675
755
167
154
701
127
671
571
384
534
829
971
227
656
109
611
102
585
424
581
406
258
543
32
516
920
151
977
52
330
250
15
37
563
918
231
337
160
292
822
642
100
247
245
807
598
958
358
986
468
432
685
264
865
395
906
324
137
569
571
424
830
752
63
553
747
324
333
941
981
316
834
116
706
909
513
696
985
359
604
435
857
938
641
572
782
196
865
877
806
42
138
84
353
296
947
763
567
183
999
630
83
906
355
577
45
949
202
955
886
795
385
475
164
427
916
630
325
629
542
658
961
198
448
787
512
278
145
375
194
146
587
823
237
723
246
572
89
579
14
684
568
367
800
800
497
213
82
691
963
131
223
817
23
817
50
497
326
485
194
209
409
825
820
52
496
827
399
595
354
369
856
469
275
78
637
956
467
78
279
950
611
746
824
756
251
88
444
235
319
98
477
268
328
865
326
474
294
822
185
728
467
188
475
116
27
958
109
876
168
57
166
988
354
317
980
288
347
261
314
260
960
81
715
302
915
860
349
629
541
207
400
696
386
673
229
661
637
705
820
804
82
234
77
240
946
913
824
690
217
646
657
793
931
253
163
82
805
248
557
87
457
915
625
799
41
483
841
555
452
931
733
208
646
357
247
102
449
530
328
908
426
334
259
997
343
627
806
691
228
152
322
54
580
573
896
673
988
502
651
490
428
762
724
908
615
974
176
771
882
955
463
803
89
41
837
629
765
718
723
254
106
32
576
726
348
730
88
810
305
230
855
687
298
839
135
372
139
154
196
826
658
689
505
523
636
739
468
947
155
308
988
192
611
996
179
434
132
270
614
142
314
63
473
229
400
937
255
932
116
556
463
736
203
80
43
447
605
808
378
998
475
398
845
731
733
672
583
382
904
436
421
89
677
118
181
512
444
322
170
575
967
439
325
808
251
219
608
397
777
165
981
263
276
867
971
500
162
40
8
855
901
401
10
375
604
477
999
333
874
135
772
491
96
433
354
526
558
55
109
448
988
21
671
821
135
845
106
767
32
361
434
904
614
977
568
547
435
858
195
904
628
708
240
410
114
293
51
815
454
559
790
435
866
971
110
385
66
961
781
0
81
934
937
877
599
40
548
915
344
344
565
635
160
708
291
538
3
552
674
390
777
464
214
716
310
661
676
745
968
962
600
666
265
842
545
523
741
97
473
57
341
611
465
725
377
468
593
573
677
268
932
560
922
406
482
485
541
663
55
384
557
494
192
707
854
828
846
62
794
48
652
530
175
559
755
391
12
191
300
600
661
79
149
184
334
525
245
779
947
915
345
659
590
902
137
302
610
253
709
424
333
259
488
554
882
560
423
863
212
994
651
87
646
644
513
194
655
344
235
554
740
46
544
701
910
145
382
310
410
90
752
983
967
116
626
302
466
819
601
593
333
65
136
158
918
927
117
739
539
348
369
982
116
773
719
171
681
297
988
193
410
816
932
279
29
551
286
648
178
459
373
879
51
880
87
849
71
284
947
958
950
964
771
883
278
827
33
256
19
235
542
825
126
745
285
347
772
698
375
452
799
851
567
599
339
666
325
4
318
607
376
256
474
286
132
781
559
851
580
0
993
978
665
35
289
859
24
695
784
263
145
432
405
137
988
749
55
275
678
82
127
532
193
796
837
971
529
632
403
347
763
232
910
667
592
923
448
305
847
120
571
282
385
263
80
392
38
220
742
417
381
737
518
632
128
790
714
482
630
528
502
415
321
931
198
386
440
717
639
335
904
633
603
185
747
333
468
173
138
800
745
590
310
707
750
373
874
179
213
69
653
480
795
953
484
494
110
731
84
357
378
33
317
823
627
454
146
77
84
2
420
166
902
623
79
302
428
545
412
471
731
577
133
534
863
719
479
28
73
113
297
319
853
308
68
325
743
197
227
149
301
165
569
985
664
319
201
268
180
911
712
604
399
705
368
140
942
315
46
249
163
864
387
759
379
602
31
783
756
387
489
335
443
865
755
366
75
115
722
362
218
36
108
808
797
434
330
327
332
563
661
466
872
134
37
248
929
297
76
810
277
748
904
256
666
41
552
824
436
31
78
772
769
466
739
887
850
672
376
780
725
154
592
50
997
525
355
944
571
236
669
305
702
36
830
460
781
20
994
836
981
982
544
14
279
606
608
92
857
135
886
5
868
812
723
870
637
178
234
825
701
999
192
145
107
22
52
943
34
403
327
316
141
909
685
148
702
709
721
483
486
730
527
63
262
854
322
225
796
240
102
537
170
542
55
805
553
39
505
69
707
747
193
575
45
688
496
874
347
866
584
225
661
413
799
494
191
714
465
672
95
188
634
186
799
750
288
649
363
539
799
730
92
945
102
358
603
970
382
668
273
49
739
961
875
438
683
694
323
358
812
349
897
242
82
801
264
425
166
42
701
253
314
330
883
919
208
911
786
864
827
429
294
206
541
239
467
535
87
194
405
300
927
975
142
461
635
394
353
69
717
587
644
794
887
825
922
443
853
126
998
430
417
411
196
237
842
496
793
788
102
40
939
442
358
207
538
698
153
385
614
93
864
785
434
21
89
938
847
616
416
166
67
423
399
896
424
378
109
312
881
203
781
67
775
235
669
627
514
285
695
522
594
5
93
111
182
35
885
27
619
650
444
667
854
744
871
922
942
874
796
465
936
678
943
742
101
364
417
791
529
521
18
625
362
145
975
625
609
936
175
118
253
542
231
226
778
61
333
395
849
56
962
154
553
313
617
686
411
279
484
78
499
899
805
530
970
445
586
596
617
784
530
305
240
286
420
758
836
153
230
608
870
304
571
172
192
362
822
216
795
138
419
732
877
422
221
576
310
518
546
356
881
638
706
366
815
872
358
739
958
249
614
389
553
766
155
501
138
43
267
918
579
775
666
158
785
720
309
281
281
694
171
115
333
727
460
578
63
279
187
78
678
841
976
758
862
70
910
913
586
936
683
493
221
660
150
479
630
603
362
383
97
931
505
367
145
934
620
217
724
551
78
810
840
620
849
575
185
684
400
626
404
663
259
89
613
180
329
819
997
363
264
840
912
256
856
4
650
768
333
7
545
580
987
484
742
63
276
820
213
213
285
878
780
546
582
86
1
331
920
551
980
517
970
782
355
657
636
501
595
593
460
632
820
850
726
663
910
21
646
497
112
803
177
57
839
917
569
488
291
374
312
503
253
341
724
366
141
234
761
398
449
396
788
768
519
61
603
712
771
428
690
945
740
788
56
694
440
165
848
762
528
479
531
893
223
855
539
108
68
256
467
620
686
879
858
474
431
602
510
218
73
485
308
426
277
787
406
561
763
606
534
826
276
476
375
823
755
782
227
588
610
589
110
442
832
259
33
756
24
84
99
825
917
495
802
38
497
284
487
143
557
44
871
586
403
864
974
249
151
127
879
810
140
815
366
580
370
519
166
72
69
174
702
578
946
756
334
986
786
20
159
396
577
434
800
40
72
167
822
342
702
77
363
762
397
121
487
239
521
357
932
132
460
399
171
96
84
641
988
235
470
373
490
290
395
13
445
110
544
93
457
802
428
62
676
391
635
399
13
39
832
825
816
930
151
288
390
135
431
25
577
563
934
989
269
703
343
529
473
41
535
790
277
610
702
187
30
135
664
197
5
478
691
441
821
15
171
486
891
924
776
370
632
15
57
799
762
271
234
697
841
646
569
78
341
265
103
779
316
101
225
928
617
946
598
671
776
759
459
166
142
827
194
101
38
99
618
750
214
700
103
706
296
47
354
146
428
468
923
816
771
620
610
802
790
727
950
383
773
446
661
858
939
191
858
113
663
563
236
361
349
997
490
55
211
281
261
37
392
694
974
655
30
937
903
745
504
368
806
191
383
368
395
712
231
116
170
912
334
738
188
545
204
899
744
517
101
391
791
363
980
619
973
187
258
785
883
551
924
121
650
49
178
849
594
699
284
462
928
719
943
758
982
515
21
68
396
360
843
975
828
528
787
512
115
265
370
278
196
970
220
615
134
345
619
813
614
951
879
74
399
89
415
690
685
140
237
4
82
987
688
740
528
216
275
696
228
397
515
405
68
270
694
485
575
893
542
927
650
696
772
356
316
963
42
897
199
942
601
598
126
676
89
401
14
463
487
688
821
242
408
650
111
597
644
592
136
279
774
813
44
379
552
191
417
409
979
97
926
159
659
774
909
188
97
132
691
938
19
475
889
606
518
928
971
364
172
899
597
603
592
953
590
619
341
31
924
326
38
324
911
322
865
409
66
194
797
567
307
435
579
693
252
874
569
885
234
664
560
290
163
871
7
433
517
171
728
976
25
200
193
79
798
659
805
394
305
504
497
608
522
952
75
947
74
733
835
148
825
284
942
290
77
228
895
79
340
209
894
671
346
272
469
270
126
23
701
277
167
3
8
129
988
492
719
856
912
897
3
128
380
884
896
718
759
865
14
968
441
64
425
544
37
253
985
317
636
984
972
751
750
974
742
727
876
747
419
769
761
10
867
895
863
828
388
475
397
992
742
856
886
292
871
454
885
553
718
16
556
52
829
308
924
894
672
838
919
698
243
385
169
270
359
995
925
584
876
276
764
190
475
803
312
738
34
797
935
704
947
787
882
758
886
94
965
87
738
834
9
307
355
508
757
855
957
186
988
316
62
333
543
895
690
429
827
140
952
610
901
16
82
794
546
274
138
699
267
844
359
439
902
676
543
951
800
385
166
518
638
213
677
747
586
430
654
122
322
520
75
128
141
883
151
408
743
28
908
375
252
298
875
584
313
696
51
565
758
298
344
740
823
485
389
321
106
704
220
765
739
513
969
107
306
325
927
531
966
480
930
541
468
869
260
827
103
699
707
891
739
780
239
888
181
162
809
556
722
96
207
884
936
243
269
432
497
252
525
197
323
322
679
81
109
704
163
499
981
369
819
4
796
683
918
6
858
71
911
711
390
436
460
434
614
738
914
650
325
2
286
284
674
191
87
216
37
512
719
179
588
406
903
613
452
405
482
354
67
688
954
286
666
741
663
178
673
178
942
686
658
83
846
554
351
970
29
869
743
921
137
905
43
582
531
537
471
276
638
95
76
586
822
390
835
762
363
361
804
336
436
183
924
964
952
100
637
791
79
613
223
230
656
287
516
14
660
324
858
924
823
307
689
207
111
59
444
405
108
908
860
15
744
81
448
337
232
534
649
34
272
755
858
396
629
370
437
825
484
179
983
370
704
40
870
781
681
223
113
371
199
973
469
218
669
9
753
102
131
572
159
559
12
3
491
111
31
510
847
618
72
505
469
810
894
652
446
855
960
576
455
439
440
969
595
263
169
427
139
102
373
258
875
458
879
274
54
410
688
175
457
455
525
818
429
192
565
609
198
489
119
378
912
254
970
292
698
785
911
121
635
878
73
